%YAML:1.0
calibration_time: "Mon Jan 26 16:10:30 2015"
image_width: 512
image_height: 424
board_width: 6
board_height: 9
square_size_: 2.5000000372529030e-02
flags: 0
camera_matrix: !!opencv-matrix
   rows: 3
   cols: 3
   dt: d
   data: [ 3.5842521332123243e+02, 0., 2.5746144811936995e+02, 0.,
       3.5784959233247952e+02, 2.0935751001722127e+02, 0., 0., 1. ]
distortion_coefficients: !!opencv-matrix
   rows: 1
   cols: 5
   dt: d
   data: [ 9.8745663078597307e-02, -2.4887018385098755e-01,
       4.0027431931655647e-03, 7.7194682872025618e-04,
       6.5704777639634587e-02 ]
avg_reprojection_error: 7.1807620480130241e-01
