%YAML:1.0
calibration_time: "Mon Jan 26 16:10:31 2015"
rotation matrix: !!opencv-matrix
   rows: 3
   cols: 3
   dt: d
   data: [ 9.9977876820590628e-01, -2.5785292595751790e-03,
       2.0875004947021773e-02, 2.7651490990279214e-03,
       9.9995642896542880e-01, -8.9159475754115175e-03,
       -2.0851105369759513e-02, 8.9716975854548346e-03,
       9.9974233682849212e-01 ]
translation matrix: !!opencv-matrix
   rows: 3
   cols: 1
   dt: d
   data: [ -5.1191949700447201e-02, 4.6344135050282239e-04,
       -8.9228042336516235e-03 ]
essential matrix: !!opencv-matrix
   rows: 3
   cols: 3
   dt: d
   data: [ 1.5009619655446309e-05, 8.9265733134851928e-03,
       3.8376668396174614e-04, -9.9882389629501189e-03,
       4.8228640331615945e-04, 5.0992495837812929e-02,
       -6.0489219613306768e-04, -5.1188524217154661e-02,
       4.4675039932788970e-04 ]
fundamental matrix: !!opencv-matrix
   rows: 3
   cols: 3
   dt: d
   data: [ -1.0076988470230309e-08, -5.9961848549799390e-06,
       3.0686731279958666e-03, 6.7165774024457284e-06,
       -3.2448399548530371e-07, -4.2461120389376987e-02,
       -1.2580129724247108e-03, 1.3935995101498011e-02, 1. ]
avg_reprojection_error: 5.8047936348489482e-01
