%YAML:1.0
calibration_time: "Mon Jan 26 16:10:29 2015"
image_width: 1920
image_height: 1080
board_width: 6
board_height: 9
square_size_: 2.5000000372529030e-02
flags: 0
camera_matrix: !!opencv-matrix
   rows: 3
   cols: 3
   dt: d
   data: [ 1.0533031437298309e+03, 0., 9.7129071537592108e+02, 0.,
       1.0527474975451189e+03, 5.5539779902401210e+02, 0., 0., 1. ]
distortion_coefficients: !!opencv-matrix
   rows: 1
   cols: 5
   dt: d
   data: [ 3.6446580889926819e-02, -1.9169524457623332e-02,
       1.4465698629982432e-03, 4.3184685857560693e-03,
       -2.8438613297673263e-02 ]
avg_reprojection_error: 2.4332738178125718e-01
